1.570796 1.570796 1.570796 1.570796 1.570796 1.570796 1.570796 1.570796 1.570796 1.570796 1.570796 1.570796 1.570796 1.570796 1.570796 1.570796 1.570796 1.570796 1.570796 1.570796 1.570796 1.570796 1.570796 1.570796 1.570796 1.570796 1.570796 1.570796 1.570796 1.570796 1.570796 1.570796 1.570796 1.570796 1.570796 1.570796 1.570796 1.570796 1.570796 1.570796 1.570796 1.570796 1.570796 1.570796 1.570796 1.570796 1.570796 1.570796 1.570796 1.570796 
1.570796 1.570796 1.570796 1.570796 1.570796 1.570796 1.570796 1.570796 1.570796 1.570796 1.570796 1.570796 1.570796 1.570796 1.570796 1.570796 1.570796 1.570796 1.570796 1.570796 1.570796 1.570796 1.570796 1.570796 1.570796 1.570796 1.570796 1.570796 1.570796 1.570796 1.570796 1.570796 1.570796 1.570796 1.570796 1.570796 1.570796 1.570796 1.570796 1.570796 1.570796 1.570796 1.570796 1.570796 1.570796 1.570796 1.570796 1.570796 1.570796 1.570796 
1.570796 1.570796 1.570796 1.570796 1.570796 1.570796 1.570796 1.570796 1.570796 1.570796 1.570796 1.570796 1.570796 1.570796 1.570796 1.570796 1.570796 1.570796 1.570796 1.570796 1.570796 1.570796 1.570796 1.570796 1.570796 1.570796 1.570796 1.570796 1.570796 1.570796 1.570796 1.570796 1.570796 1.570796 1.570796 1.570796 1.570796 1.570796 1.570796 1.570796 1.570796 1.570796 1.570796 1.570796 1.570796 1.570796 1.570796 1.570796 1.570796 1.570796 
1.570796 1.570796 1.570796 1.570796 1.570796 1.570796 1.570796 1.570796 1.570796 1.570796 1.570796 1.570796 1.570796 1.570796 1.570796 1.570796 1.570796 1.570796 1.570796 1.570796 1.570796 1.570796 1.570796 1.570796 1.570796 1.570796 1.570796 1.570796 1.570796 1.570796 1.570796 1.570796 1.570796 1.570796 1.570796 1.570796 1.570796 1.570796 1.570796 1.570796 1.570796 1.570796 1.570796 1.570796 1.570796 1.570796 1.570796 1.570796 1.570796 1.570796 
1.570796 1.570796 1.570796 1.570796 1.570796 1.570796 1.570796 1.570796 1.570796 1.570796 1.570796 1.570796 1.570796 1.570796 1.570796 1.570796 1.570796 1.570796 1.570796 1.570796 1.570796 1.570796 1.570796 1.570796 1.570796 1.570796 1.570796 1.570796 1.570796 1.570796 1.570796 1.570796 1.570796 1.570796 1.570796 1.570796 1.570796 1.570796 1.570796 1.570796 1.570796 1.570796 1.570796 1.570796 1.570796 1.570796 1.570796 1.570796 1.570796 1.570796 
1.570796 1.570796 1.570796 1.570796 1.570796 1.570796 1.570796 1.570796 1.570796 1.570796 1.570796 1.570796 1.570796 1.570796 1.570796 1.570796 1.570796 1.570796 1.570796 1.570796 1.570796 1.570796 1.570796 1.570796 1.570796 1.570796 1.570796 1.570796 1.570796 1.570796 1.570796 1.570796 1.570796 1.570796 1.570796 1.570796 1.570796 1.570796 1.570796 1.570796 1.570796 1.570796 1.570796 1.570796 1.570796 1.570796 1.570796 1.570796 1.570796 1.570796 
1.570796 1.570796 1.570796 1.570796 1.570796 1.570796 1.570796 1.570796 1.570796 1.570796 1.570796 1.570796 1.570796 1.570796 1.570796 1.570796 1.570796 1.570796 1.570796 1.570796 1.570796 1.570796 1.570796 1.570796 1.570796 1.570796 1.570796 1.570796 1.570796 1.570796 1.570796 1.570796 1.570796 1.570796 1.570796 1.570796 1.570796 1.570796 1.570796 1.570796 1.570796 1.570796 1.570796 1.570796 1.570796 1.570796 1.570796 1.570796 1.570796 1.570796 
1.570796 1.570796 1.570796 1.570796 1.570796 1.570796 1.570796 1.570796 1.570796 1.570796 1.570796 1.570796 1.570796 1.570796 1.570796 1.570796 1.570796 1.570796 1.570796 1.570796 1.570796 1.570796 1.570796 1.570796 1.570796 1.570796 1.570796 1.570796 1.570796 1.570796 1.570796 1.570796 1.570796 1.570796 1.570796 1.570796 1.570796 1.570796 1.570796 1.570796 1.570796 1.570796 1.570796 1.570796 1.570796 1.570796 1.570796 1.570796 1.570796 1.570796 
1.570796 1.570796 1.570796 1.570796 1.570796 1.570796 1.570796 1.570796 1.570796 1.570796 1.570796 1.570796 1.570796 1.570796 1.570796 1.570796 1.570796 1.570796 1.570796 1.570796 1.570796 1.570796 1.570796 1.570796 1.570796 1.570796 1.570796 1.570796 1.570796 1.570796 1.570796 1.570796 1.570796 1.570796 1.570796 1.570796 1.570796 1.570796 1.570796 1.570796 1.570796 1.570796 1.570796 1.570796 1.570796 1.570796 1.570796 1.570796 1.570796 1.570796 
1.570796 1.570796 1.570796 1.570796 1.570796 1.570796 1.570796 1.570796 1.570796 1.570796 1.570796 1.570796 1.570796 1.570796 1.570796 1.570796 1.570796 1.570796 1.570796 1.570796 1.570796 1.570796 1.570796 1.570796 1.570796 1.570796 1.570796 1.570796 1.570796 1.570796 1.570796 1.570796 1.570796 1.570796 1.570796 1.570796 1.570796 1.570796 1.570796 1.570796 1.570796 1.570796 1.570796 1.570796 1.570796 1.570796 1.570796 1.570796 1.570796 1.570796 
1.570796 1.570796 1.570796 1.570796 1.570796 1.570796 1.570796 1.570796 1.570796 1.570796 1.570796 1.570796 1.570796 1.570796 1.570796 1.570796 1.570796 1.570796 1.570796 1.570796 1.570796 1.570796 1.570796 1.570796 1.570796 1.570796 1.570796 1.570796 1.570796 1.570796 1.570796 1.570796 1.570796 1.570796 1.570796 1.570796 1.570796 1.570796 1.570796 1.570796 1.570796 1.570796 1.570796 1.570796 1.570796 1.570796 1.570796 1.570796 1.570796 1.570796 
1.570796 1.570796 1.570796 1.570796 1.570796 1.570796 1.570796 1.570796 1.570796 1.570796 1.570796 1.570796 1.570796 1.570796 1.570796 1.570796 1.570796 1.570796 1.570796 1.570796 1.570796 1.570796 1.570796 1.570796 1.570796 1.570796 1.570796 1.570796 1.570796 1.570796 1.570796 1.570796 1.570796 1.570796 1.570796 1.570796 1.570796 1.570796 1.570796 1.570796 1.570796 1.570796 1.570796 1.570796 1.570796 1.570796 1.570796 1.570796 1.570796 1.570796 
1.570796 1.570796 1.570796 1.570796 1.570796 1.570796 1.570796 1.570796 1.570796 1.570796 1.570796 1.570796 1.570796 1.570796 1.570796 1.570796 1.570796 1.570796 1.570796 1.570796 1.570796 1.570796 1.570796 1.570796 1.570796 1.570796 1.570796 1.570796 1.570796 1.570796 1.570796 1.570796 1.570796 1.570796 1.570796 1.570796 1.570796 1.570796 1.570796 1.570796 1.570796 1.570796 1.570796 1.570796 1.570796 1.570796 1.570796 1.570796 1.570796 1.570796 
1.570796 1.570796 1.570796 1.570796 1.570796 1.570796 1.570796 1.570796 1.570796 1.570796 1.570796 1.570796 1.570796 1.570796 1.570796 1.570796 1.570796 1.570796 1.570796 1.570796 1.570796 1.570796 1.570796 1.570796 1.570796 1.570796 1.570796 1.570796 1.570796 1.570796 1.570796 1.570796 1.570796 1.570796 1.570796 1.570796 1.570796 1.570796 1.570796 1.570796 1.570796 1.570796 1.570796 1.570796 1.570796 1.570796 1.570796 1.570796 1.570796 1.570796 
1.570796 1.570796 1.570796 1.570796 1.570796 1.570796 1.570796 1.570796 1.570796 1.570796 1.570796 1.570796 1.570796 1.570796 1.570796 1.570796 1.570796 1.570796 1.570796 1.570796 1.570796 1.570796 1.570796 1.570796 1.570796 1.570796 1.570796 1.570796 1.570796 1.570796 1.570796 1.570796 1.570796 1.570796 1.570796 1.570796 1.570796 1.570796 1.570796 1.570796 1.570796 1.570796 1.570796 1.570796 1.570796 1.570796 1.570796 1.570796 1.570796 1.570796 
1.570796 1.570796 1.570796 1.570796 1.570796 1.570796 1.570796 1.570796 1.570796 1.570796 1.570796 0.000000 0.000000 0.000000 0.000000 0.000000 0.000000 0.000000 0.000000 0.000000 0.000000 0.000000 1.570796 1.570796 1.570796 1.570796 1.570796 3.141593 3.141593 3.141593 3.141593 3.141593 3.141593 3.141593 3.141593 3.141593 3.141593 3.141593 1.570796 1.570796 1.570796 1.570796 1.570796 1.570796 1.570796 1.570796 1.570796 1.570796 1.570796 1.570796 
1.570796 1.570796 1.570796 1.570796 1.570796 1.570796 1.570796 1.570796 1.570796 1.570796 1.570796 0.000000 0.000000 0.000000 0.000000 0.000000 0.000000 0.000000 0.000000 0.000000 0.000000 0.000000 1.570796 1.570796 1.570796 1.570796 1.570796 3.141593 3.141593 3.141593 3.141593 3.141593 3.141593 3.141593 3.141593 3.141593 3.141593 3.141593 1.570796 1.570796 1.570796 1.570796 1.570796 1.570796 1.570796 1.570796 1.570796 1.570796 1.570796 1.570796 
1.570796 1.570796 1.570796 1.570796 1.570796 1.570796 1.570796 1.570796 1.570796 1.570796 1.570796 0.000000 0.000000 0.000000 0.000000 0.000000 0.000000 0.000000 0.000000 0.000000 0.000000 0.000000 1.570796 1.570796 1.570796 1.570796 1.570796 3.141593 3.141593 3.141593 3.141593 3.141593 3.141593 3.141593 3.141593 3.141593 3.141593 3.141593 1.570796 1.570796 1.570796 1.570796 1.570796 1.570796 1.570796 1.570796 1.570796 1.570796 1.570796 1.570796 
1.570796 1.570796 1.570796 1.570796 1.570796 1.570796 1.570796 1.570796 1.570796 1.570796 1.570796 0.000000 0.000000 0.000000 0.000000 0.000000 0.000000 0.000000 0.000000 0.000000 0.000000 0.000000 1.570796 1.570796 1.570796 1.570796 1.570796 3.141593 3.141593 3.141593 3.141593 3.141593 3.141593 3.141593 3.141593 3.141593 3.141593 3.141593 1.570796 1.570796 1.570796 1.570796 1.570796 1.570796 1.570796 1.570796 1.570796 1.570796 1.570796 1.570796 
1.570796 1.570796 1.570796 1.570796 1.570796 1.570796 1.570796 1.570796 1.570796 1.570796 1.570796 0.000000 0.000000 0.000000 0.000000 0.000000 0.000000 0.000000 0.000000 0.000000 0.000000 0.000000 1.570796 1.570796 1.570796 1.570796 1.570796 3.141593 3.141593 3.141593 3.141593 3.141593 3.141593 3.141593 3.141593 3.141593 3.141593 3.141593 1.570796 1.570796 1.570796 1.570796 1.570796 1.570796 1.570796 1.570796 1.570796 1.570796 1.570796 1.570796 
1.570796 1.570796 1.570796 1.570796 1.570796 1.570796 1.570796 1.570796 1.570796 1.570796 1.570796 0.000000 0.000000 0.000000 0.000000 0.000000 0.000000 0.000000 0.000000 0.000000 0.000000 0.000000 1.570796 1.570796 1.570796 1.570796 1.570796 3.141593 3.141593 3.141593 3.141593 3.141593 3.141593 3.141593 3.141593 3.141593 3.141593 3.141593 1.570796 1.570796 1.570796 1.570796 1.570796 1.570796 1.570796 1.570796 1.570796 1.570796 1.570796 1.570796 
1.570796 1.570796 1.570796 1.570796 1.570796 1.570796 1.570796 1.570796 1.570796 1.570796 1.570796 0.000000 0.000000 0.000000 0.000000 0.000000 0.000000 0.000000 0.000000 0.000000 0.000000 0.000000 1.570796 1.570796 1.570796 1.570796 1.570796 3.141593 3.141593 3.141593 3.141593 3.141593 3.141593 3.141593 3.141593 3.141593 3.141593 3.141593 1.570796 1.570796 1.570796 1.570796 1.570796 1.570796 1.570796 1.570796 1.570796 1.570796 1.570796 1.570796 
1.570796 1.570796 1.570796 1.570796 1.570796 1.570796 1.570796 1.570796 1.570796 1.570796 1.570796 0.000000 0.000000 0.000000 0.000000 0.000000 0.000000 0.000000 0.000000 0.000000 0.000000 0.000000 1.570796 1.570796 1.570796 1.570796 1.570796 3.141593 3.141593 3.141593 3.141593 3.141593 3.141593 3.141593 3.141593 3.141593 3.141593 3.141593 1.570796 1.570796 1.570796 1.570796 1.570796 1.570796 1.570796 1.570796 1.570796 1.570796 1.570796 1.570796 
1.570796 1.570796 1.570796 1.570796 1.570796 1.570796 1.570796 1.570796 1.570796 1.570796 1.570796 0.000000 0.000000 0.000000 0.000000 0.000000 0.000000 0.000000 0.000000 0.000000 0.000000 0.000000 1.570796 1.570796 1.570796 1.570796 1.570796 3.141593 3.141593 3.141593 3.141593 3.141593 3.141593 3.141593 3.141593 3.141593 3.141593 3.141593 1.570796 1.570796 1.570796 1.570796 1.570796 1.570796 1.570796 1.570796 1.570796 1.570796 1.570796 1.570796 
1.570796 1.570796 1.570796 1.570796 1.570796 1.570796 1.570796 1.570796 1.570796 1.570796 1.570796 0.000000 0.000000 0.000000 0.000000 0.000000 0.000000 0.000000 0.000000 0.000000 0.000000 0.000000 1.570796 1.570796 1.570796 1.570796 1.570796 3.141593 3.141593 3.141593 3.141593 3.141593 3.141593 3.141593 3.141593 3.141593 3.141593 3.141593 1.570796 1.570796 1.570796 1.570796 1.570796 1.570796 1.570796 1.570796 1.570796 1.570796 1.570796 1.570796 
1.570796 1.570796 1.570796 1.570796 1.570796 1.570796 1.570796 1.570796 1.570796 1.570796 1.570796 0.000000 0.000000 0.000000 0.000000 0.000000 0.000000 0.000000 0.000000 0.000000 0.000000 0.000000 1.570796 1.570796 1.570796 1.570796 1.570796 3.141593 3.141593 3.141593 3.141593 3.141593 3.141593 3.141593 3.141593 3.141593 3.141593 3.141593 1.570796 1.570796 1.570796 1.570796 1.570796 1.570796 1.570796 1.570796 1.570796 1.570796 1.570796 1.570796 
1.570796 1.570796 1.570796 1.570796 1.570796 1.570796 1.570796 1.570796 1.570796 1.570796 1.570796 0.000000 0.000000 0.000000 0.000000 0.000000 0.000000 0.000000 0.000000 0.000000 0.000000 0.000000 1.570796 1.570796 1.570796 1.570796 1.570796 3.141593 3.141593 3.141593 3.141593 3.141593 3.141593 3.141593 3.141593 3.141593 3.141593 3.141593 1.570796 1.570796 1.570796 1.570796 1.570796 1.570796 1.570796 1.570796 1.570796 1.570796 1.570796 1.570796 
1.570796 1.570796 1.570796 1.570796 1.570796 1.570796 1.570796 1.570796 1.570796 1.570796 1.570796 0.000000 0.000000 0.000000 0.000000 0.000000 0.000000 0.000000 0.000000 0.000000 0.000000 0.000000 1.570796 1.570796 1.570796 1.570796 1.570796 3.141593 3.141593 3.141593 3.141593 3.141593 3.141593 3.141593 3.141593 3.141593 3.141593 3.141593 1.570796 1.570796 1.570796 1.570796 1.570796 1.570796 1.570796 1.570796 1.570796 1.570796 1.570796 1.570796 
1.570796 1.570796 1.570796 1.570796 1.570796 1.570796 1.570796 1.570796 1.570796 1.570796 1.570796 0.000000 0.000000 0.000000 0.000000 0.000000 0.000000 0.000000 0.000000 0.000000 0.000000 0.000000 1.570796 1.570796 1.570796 1.570796 1.570796 3.141593 3.141593 3.141593 3.141593 3.141593 3.141593 3.141593 3.141593 3.141593 3.141593 3.141593 1.570796 1.570796 1.570796 1.570796 1.570796 1.570796 1.570796 1.570796 1.570796 1.570796 1.570796 1.570796 
1.570796 1.570796 1.570796 1.570796 1.570796 1.570796 1.570796 1.570796 1.570796 1.570796 1.570796 0.000000 0.000000 0.000000 0.000000 0.000000 0.000000 0.000000 0.000000 0.000000 0.000000 0.000000 1.570796 1.570796 1.570796 1.570796 1.570796 3.141593 3.141593 3.141593 3.141593 3.141593 3.141593 3.141593 3.141593 3.141593 3.141593 3.141593 1.570796 1.570796 1.570796 1.570796 1.570796 1.570796 1.570796 1.570796 1.570796 1.570796 1.570796 1.570796 
1.570796 1.570796 1.570796 1.570796 1.570796 1.570796 1.570796 1.570796 1.570796 1.570796 1.570796 0.000000 0.000000 0.000000 0.000000 0.000000 0.000000 0.000000 0.000000 0.000000 0.000000 0.000000 1.570796 1.570796 1.570796 1.570796 1.570796 3.141593 3.141593 3.141593 3.141593 3.141593 3.141593 3.141593 3.141593 3.141593 3.141593 3.141593 1.570796 1.570796 1.570796 1.570796 1.570796 1.570796 1.570796 1.570796 1.570796 1.570796 1.570796 1.570796 
1.570796 1.570796 1.570796 1.570796 1.570796 1.570796 1.570796 1.570796 1.570796 1.570796 1.570796 0.000000 0.000000 0.000000 0.000000 0.000000 0.000000 0.000000 0.000000 0.000000 0.000000 0.000000 1.570796 1.570796 1.570796 1.570796 1.570796 3.141593 3.141593 3.141593 3.141593 3.141593 3.141593 3.141593 3.141593 3.141593 3.141593 3.141593 1.570796 1.570796 1.570796 1.570796 1.570796 1.570796 1.570796 1.570796 1.570796 1.570796 1.570796 1.570796 
1.570796 1.570796 1.570796 1.570796 1.570796 1.570796 1.570796 1.570796 1.570796 1.570796 1.570796 0.000000 0.000000 0.000000 0.000000 0.000000 0.000000 0.000000 0.000000 0.000000 0.000000 0.000000 1.570796 1.570796 1.570796 1.570796 1.570796 3.141593 3.141593 3.141593 3.141593 3.141593 3.141593 3.141593 3.141593 3.141593 3.141593 3.141593 1.570796 1.570796 1.570796 1.570796 1.570796 1.570796 1.570796 1.570796 1.570796 1.570796 1.570796 1.570796 
1.570796 1.570796 1.570796 1.570796 1.570796 1.570796 1.570796 1.570796 1.570796 1.570796 1.570796 0.000000 0.000000 0.000000 0.000000 0.000000 0.000000 0.000000 0.000000 0.000000 0.000000 0.000000 1.570796 1.570796 1.570796 1.570796 1.570796 3.141593 3.141593 3.141593 3.141593 3.141593 3.141593 3.141593 3.141593 3.141593 3.141593 3.141593 1.570796 1.570796 1.570796 1.570796 1.570796 1.570796 1.570796 1.570796 1.570796 1.570796 1.570796 1.570796 
1.570796 1.570796 1.570796 1.570796 1.570796 1.570796 1.570796 1.570796 1.570796 1.570796 1.570796 0.000000 0.000000 0.000000 0.000000 0.000000 0.000000 0.000000 0.000000 0.000000 0.000000 0.000000 1.570796 1.570796 1.570796 1.570796 1.570796 3.141593 3.141593 3.141593 3.141593 3.141593 3.141593 3.141593 3.141593 3.141593 3.141593 3.141593 1.570796 1.570796 1.570796 1.570796 1.570796 1.570796 1.570796 1.570796 1.570796 1.570796 1.570796 1.570796 
1.570796 1.570796 1.570796 1.570796 1.570796 1.570796 1.570796 1.570796 1.570796 1.570796 1.570796 1.570796 1.570796 1.570796 1.570796 1.570796 1.570796 1.570796 1.570796 1.570796 1.570796 1.570796 1.570796 1.570796 1.570796 1.570796 1.570796 1.570796 1.570796 1.570796 1.570796 1.570796 1.570796 1.570796 1.570796 1.570796 1.570796 1.570796 1.570796 1.570796 1.570796 1.570796 1.570796 1.570796 1.570796 1.570796 1.570796 1.570796 1.570796 1.570796 
1.570796 1.570796 1.570796 1.570796 1.570796 1.570796 1.570796 1.570796 1.570796 1.570796 1.570796 1.570796 1.570796 1.570796 1.570796 1.570796 1.570796 1.570796 1.570796 1.570796 1.570796 1.570796 1.570796 1.570796 1.570796 1.570796 1.570796 1.570796 1.570796 1.570796 1.570796 1.570796 1.570796 1.570796 1.570796 1.570796 1.570796 1.570796 1.570796 1.570796 1.570796 1.570796 1.570796 1.570796 1.570796 1.570796 1.570796 1.570796 1.570796 1.570796 
1.570796 1.570796 1.570796 1.570796 1.570796 1.570796 1.570796 1.570796 1.570796 1.570796 1.570796 1.570796 1.570796 1.570796 1.570796 1.570796 1.570796 1.570796 1.570796 1.570796 1.570796 1.570796 1.570796 1.570796 1.570796 1.570796 1.570796 1.570796 1.570796 1.570796 1.570796 1.570796 1.570796 1.570796 1.570796 1.570796 1.570796 1.570796 1.570796 1.570796 1.570796 1.570796 1.570796 1.570796 1.570796 1.570796 1.570796 1.570796 1.570796 1.570796 
1.570796 1.570796 1.570796 1.570796 1.570796 1.570796 1.570796 1.570796 1.570796 1.570796 1.570796 1.570796 1.570796 1.570796 1.570796 1.570796 1.570796 1.570796 1.570796 1.570796 1.570796 1.570796 1.570796 1.570796 1.570796 1.570796 1.570796 1.570796 1.570796 1.570796 1.570796 1.570796 1.570796 1.570796 1.570796 1.570796 1.570796 1.570796 1.570796 1.570796 1.570796 1.570796 1.570796 1.570796 1.570796 1.570796 1.570796 1.570796 1.570796 1.570796 
1.570796 1.570796 1.570796 1.570796 1.570796 1.570796 1.570796 1.570796 1.570796 1.570796 1.570796 1.570796 1.570796 1.570796 1.570796 1.570796 1.570796 1.570796 1.570796 1.570796 1.570796 1.570796 1.570796 1.570796 1.570796 1.570796 1.570796 1.570796 1.570796 1.570796 1.570796 1.570796 1.570796 1.570796 1.570796 1.570796 1.570796 1.570796 1.570796 1.570796 1.570796 1.570796 1.570796 1.570796 1.570796 1.570796 1.570796 1.570796 1.570796 1.570796 
1.570796 1.570796 1.570796 1.570796 1.570796 1.570796 1.570796 1.570796 1.570796 1.570796 1.570796 1.570796 1.570796 1.570796 1.570796 1.570796 1.570796 1.570796 1.570796 1.570796 1.570796 1.570796 1.570796 1.570796 1.570796 1.570796 1.570796 1.570796 1.570796 1.570796 1.570796 1.570796 1.570796 1.570796 1.570796 1.570796 1.570796 1.570796 1.570796 1.570796 1.570796 1.570796 1.570796 1.570796 1.570796 1.570796 1.570796 1.570796 1.570796 1.570796 
1.570796 1.570796 1.570796 1.570796 1.570796 1.570796 1.570796 1.570796 1.570796 1.570796 1.570796 1.570796 1.570796 1.570796 1.570796 1.570796 1.570796 1.570796 1.570796 1.570796 1.570796 1.570796 1.570796 1.570796 1.570796 1.570796 1.570796 1.570796 1.570796 1.570796 1.570796 1.570796 1.570796 1.570796 1.570796 1.570796 1.570796 1.570796 1.570796 1.570796 1.570796 1.570796 1.570796 1.570796 1.570796 1.570796 1.570796 1.570796 1.570796 1.570796 
1.570796 1.570796 1.570796 1.570796 1.570796 1.570796 1.570796 1.570796 1.570796 1.570796 1.570796 1.570796 1.570796 1.570796 1.570796 1.570796 1.570796 1.570796 1.570796 1.570796 1.570796 1.570796 1.570796 1.570796 1.570796 1.570796 1.570796 1.570796 1.570796 1.570796 1.570796 1.570796 1.570796 1.570796 1.570796 1.570796 1.570796 1.570796 1.570796 1.570796 1.570796 1.570796 1.570796 1.570796 1.570796 1.570796 1.570796 1.570796 1.570796 1.570796 
1.570796 1.570796 1.570796 1.570796 1.570796 1.570796 1.570796 1.570796 1.570796 1.570796 1.570796 1.570796 1.570796 1.570796 1.570796 1.570796 1.570796 1.570796 1.570796 1.570796 1.570796 1.570796 1.570796 1.570796 1.570796 1.570796 1.570796 1.570796 1.570796 1.570796 1.570796 1.570796 1.570796 1.570796 1.570796 1.570796 1.570796 1.570796 1.570796 1.570796 1.570796 1.570796 1.570796 1.570796 1.570796 1.570796 1.570796 1.570796 1.570796 1.570796 
1.570796 1.570796 1.570796 1.570796 1.570796 1.570796 1.570796 1.570796 1.570796 1.570796 1.570796 1.570796 1.570796 1.570796 1.570796 1.570796 1.570796 1.570796 1.570796 1.570796 1.570796 1.570796 1.570796 1.570796 1.570796 1.570796 1.570796 1.570796 1.570796 1.570796 1.570796 1.570796 1.570796 1.570796 1.570796 1.570796 1.570796 1.570796 1.570796 1.570796 1.570796 1.570796 1.570796 1.570796 1.570796 1.570796 1.570796 1.570796 1.570796 1.570796 
1.570796 1.570796 1.570796 1.570796 1.570796 1.570796 1.570796 1.570796 1.570796 1.570796 1.570796 1.570796 1.570796 1.570796 1.570796 1.570796 1.570796 1.570796 1.570796 1.570796 1.570796 1.570796 1.570796 1.570796 1.570796 1.570796 1.570796 1.570796 1.570796 1.570796 1.570796 1.570796 1.570796 1.570796 1.570796 1.570796 1.570796 1.570796 1.570796 1.570796 1.570796 1.570796 1.570796 1.570796 1.570796 1.570796 1.570796 1.570796 1.570796 1.570796 
1.570796 1.570796 1.570796 1.570796 1.570796 1.570796 1.570796 1.570796 1.570796 1.570796 1.570796 1.570796 1.570796 1.570796 1.570796 1.570796 1.570796 1.570796 1.570796 1.570796 1.570796 1.570796 1.570796 1.570796 1.570796 1.570796 1.570796 1.570796 1.570796 1.570796 1.570796 1.570796 1.570796 1.570796 1.570796 1.570796 1.570796 1.570796 1.570796 1.570796 1.570796 1.570796 1.570796 1.570796 1.570796 1.570796 1.570796 1.570796 1.570796 1.570796 
1.570796 1.570796 1.570796 1.570796 1.570796 1.570796 1.570796 1.570796 1.570796 1.570796 1.570796 1.570796 1.570796 1.570796 1.570796 1.570796 1.570796 1.570796 1.570796 1.570796 1.570796 1.570796 1.570796 1.570796 1.570796 1.570796 1.570796 1.570796 1.570796 1.570796 1.570796 1.570796 1.570796 1.570796 1.570796 1.570796 1.570796 1.570796 1.570796 1.570796 1.570796 1.570796 1.570796 1.570796 1.570796 1.570796 1.570796 1.570796 1.570796 1.570796 
1.570796 1.570796 1.570796 1.570796 1.570796 1.570796 1.570796 1.570796 1.570796 1.570796 1.570796 1.570796 1.570796 1.570796 1.570796 1.570796 1.570796 1.570796 1.570796 1.570796 1.570796 1.570796 1.570796 1.570796 1.570796 1.570796 1.570796 1.570796 1.570796 1.570796 1.570796 1.570796 1.570796 1.570796 1.570796 1.570796 1.570796 1.570796 1.570796 1.570796 1.570796 1.570796 1.570796 1.570796 1.570796 1.570796 1.570796 1.570796 1.570796 1.570796 
1.570796 1.570796 1.570796 1.570796 1.570796 1.570796 1.570796 1.570796 1.570796 1.570796 1.570796 1.570796 1.570796 1.570796 1.570796 1.570796 1.570796 1.570796 1.570796 1.570796 1.570796 1.570796 1.570796 1.570796 1.570796 1.570796 1.570796 1.570796 1.570796 1.570796 1.570796 1.570796 1.570796 1.570796 1.570796 1.570796 1.570796 1.570796 1.570796 1.570796 1.570796 1.570796 1.570796 1.570796 1.570796 1.570796 1.570796 1.570796 1.570796 1.570796 
