1.570796 1.570796 1.570796 1.570796 1.570796 1.570796 1.570796 1.570796 1.570796 1.570796 1.570796 1.570796 1.570796 1.570796 1.570796 1.570796 1.570796 1.570796 1.570796 1.570796 1.570796 1.570796 1.570796 1.570796 1.570796 1.570796 1.570796 1.570796 1.570796 1.570796 1.570796 1.570796 1.570796 1.570796 1.570796 1.570796 1.570796 1.570796 1.570796 1.570796 1.570796 1.570796 1.570796 1.570796 1.570796 1.570796 1.570796 1.570796 1.570796 1.570796 1.570796 
1.570796 1.570796 1.570796 1.570796 1.570796 1.570796 1.570796 1.570796 1.570796 1.570796 1.570796 1.570796 1.570796 1.570796 1.570796 1.570796 1.570796 1.570796 1.570796 1.570796 1.570796 1.570796 1.570796 1.570796 1.570796 1.570796 1.570796 1.570796 1.570796 1.570796 1.570796 1.570796 1.570796 1.570796 1.570796 1.570796 1.570796 1.570796 1.570796 1.570796 1.570796 1.570796 1.570796 1.570796 1.570796 1.570796 1.570796 1.570796 1.570796 1.570796 1.570796 
1.570796 1.570796 1.570796 1.570796 1.570796 1.570796 1.570796 1.570796 1.570796 1.570796 1.570796 1.570796 1.570796 1.570796 1.570796 1.570796 1.570796 1.570796 1.570796 1.570796 1.570796 1.570796 1.570796 1.570796 1.570796 1.570796 1.570796 1.570796 1.570796 1.570796 1.570796 1.570796 1.570796 1.570796 1.570796 1.570796 1.570796 1.570796 1.570796 1.570796 1.570796 1.570796 1.570796 1.570796 1.570796 1.570796 1.570796 1.570796 1.570796 1.570796 1.570796 
1.570796 1.570796 1.570796 1.570796 1.570796 1.570796 1.570796 1.570796 1.570796 1.570796 1.570796 1.570796 1.570796 1.570796 1.570796 1.570796 1.570796 1.570796 1.570796 1.570796 1.570796 1.570796 1.570796 1.570796 1.570796 1.570796 1.570796 1.570796 1.570796 1.570796 1.570796 1.570796 1.570796 1.570796 1.570796 1.570796 1.570796 1.570796 1.570796 1.570796 1.570796 1.570796 1.570796 1.570796 1.570796 1.570796 1.570796 1.570796 1.570796 1.570796 1.570796 
1.570796 1.570796 1.570796 1.570796 1.570796 1.570796 1.570796 1.570796 1.570796 1.570796 1.570796 1.570796 1.570796 1.570796 1.570796 1.570796 1.570796 1.570796 1.570796 1.570796 1.570796 1.570796 1.570796 1.570796 1.570796 1.570796 1.570796 1.570796 1.570796 1.570796 1.570796 1.570796 1.570796 1.570796 1.570796 1.570796 1.570796 1.570796 1.570796 1.570796 1.570796 1.570796 1.570796 1.570796 1.570796 1.570796 1.570796 1.570796 1.570796 1.570796 1.570796 
1.570796 1.570796 1.570796 1.570796 1.570796 1.570796 1.570796 1.570796 1.570796 1.570796 1.570796 1.570796 1.570796 1.570796 1.570796 1.570796 1.570796 1.570796 1.570796 1.570796 1.570796 1.570796 1.570796 1.570796 1.570796 1.570796 1.570796 1.570796 1.570796 1.570796 1.570796 1.570796 1.570796 1.570796 1.570796 1.570796 1.570796 1.570796 1.570796 1.570796 1.570796 1.570796 1.570796 1.570796 1.570796 1.570796 1.570796 1.570796 1.570796 1.570796 1.570796 
1.570796 1.570796 1.570796 1.570796 1.570796 1.570796 1.570796 1.570796 1.570796 1.570796 1.570796 1.570796 1.570796 1.570796 1.570796 1.570796 1.570796 1.570796 1.570796 1.570796 1.570796 1.570796 1.570796 1.570796 1.570796 1.570796 1.570796 1.570796 1.570796 1.570796 1.570796 1.570796 1.570796 1.570796 1.570796 1.570796 1.570796 1.570796 1.570796 1.570796 1.570796 1.570796 1.570796 1.570796 1.570796 1.570796 1.570796 1.570796 1.570796 1.570796 1.570796 
1.570796 1.570796 1.570796 1.570796 1.570796 1.570796 1.570796 1.570796 1.570796 1.570796 1.570796 1.570796 1.570796 1.570796 1.570796 1.570796 1.570796 1.570796 1.570796 1.570796 1.570796 1.570796 1.570796 1.570796 1.570796 1.570796 1.570796 1.570796 1.570796 1.570796 1.570796 1.570796 1.570796 1.570796 1.570796 1.570796 1.570796 1.570796 1.570796 1.570796 1.570796 1.570796 1.570796 1.570796 1.570796 1.570796 1.570796 1.570796 1.570796 1.570796 1.570796 
1.570796 1.570796 1.570796 1.570796 1.570796 1.570796 1.570796 1.570796 1.570796 1.570796 1.570796 1.570796 1.570796 1.570796 1.570796 1.570796 1.570796 1.570796 1.570796 1.570796 1.570796 1.570796 1.570796 1.570796 1.570796 1.570796 1.570796 1.570796 1.570796 1.570796 1.570796 1.570796 1.570796 1.570796 1.570796 1.570796 1.570796 1.570796 1.570796 1.570796 1.570796 1.570796 1.570796 1.570796 1.570796 1.570796 1.570796 1.570796 1.570796 1.570796 1.570796 
1.570796 1.570796 1.570796 1.570796 1.570796 1.570796 1.570796 1.570796 1.570796 1.570796 1.570796 1.570796 1.570796 1.570796 1.570796 1.570796 1.570796 1.570796 1.570796 1.570796 1.570796 1.570796 1.570796 1.570796 1.570796 1.570796 1.570796 1.570796 1.570796 1.570796 1.570796 1.570796 1.570796 1.570796 1.570796 1.570796 1.570796 1.570796 1.570796 1.570796 1.570796 1.570796 1.570796 1.570796 1.570796 1.570796 1.570796 1.570796 1.570796 1.570796 1.570796 
1.570796 1.570796 1.570796 1.570796 1.570796 1.570796 1.570796 1.570796 1.570796 1.570796 1.570796 1.570796 1.570796 1.570796 1.570796 1.570796 1.570796 1.570796 1.570796 1.570796 1.570796 1.570796 1.570796 1.570796 1.570796 1.570796 1.570796 1.570796 1.570796 1.570796 1.570796 1.570796 1.570796 1.570796 1.570796 1.570796 1.570796 1.570796 1.570796 1.570796 1.570796 1.570796 1.570796 1.570796 1.570796 1.570796 1.570796 1.570796 1.570796 1.570796 1.570796 
1.570796 1.570796 1.570796 1.570796 1.570796 1.570796 1.570796 1.570796 1.570796 1.570796 1.570796 1.570796 1.570796 1.570796 1.570796 1.570796 1.570796 1.570796 1.570796 1.570796 1.570796 1.570796 1.570796 1.570796 1.570796 1.570796 1.570796 1.570796 1.570796 1.570796 1.570796 1.570796 1.570796 1.570796 1.570796 1.570796 1.570796 1.570796 1.570796 1.570796 1.570796 1.570796 1.570796 1.570796 1.570796 1.570796 1.570796 1.570796 1.570796 1.570796 1.570796 
1.570796 1.570796 1.570796 1.570796 1.570796 1.570796 1.570796 1.570796 1.570796 1.570796 1.570796 1.570796 1.570796 1.570796 1.570796 1.570796 1.570796 1.570796 1.570796 1.570796 1.570796 1.570796 1.570796 1.570796 1.570796 1.570796 1.570796 1.570796 1.570796 1.570796 1.570796 1.570796 1.570796 1.570796 1.570796 1.570796 1.570796 1.570796 1.570796 1.570796 1.570796 1.570796 1.570796 1.570796 1.570796 1.570796 1.570796 1.570796 1.570796 1.570796 1.570796 
1.570796 1.570796 1.570796 1.570796 1.570796 1.570796 1.570796 1.570796 1.570796 1.570796 1.570796 1.570796 1.570796 1.570796 1.570796 1.570796 1.570796 1.570796 1.570796 1.570796 1.570796 1.570796 1.570796 1.570796 1.570796 1.570796 1.570796 1.570796 1.570796 1.570796 1.570796 1.570796 1.570796 1.570796 1.570796 1.570796 1.570796 1.570796 1.570796 1.570796 1.570796 1.570796 1.570796 1.570796 1.570796 1.570796 1.570796 1.570796 1.570796 1.570796 1.570796 
1.570796 1.570796 1.570796 1.570796 1.570796 1.570796 1.570796 1.570796 1.570796 1.570796 1.570796 1.570796 1.570796 1.570796 1.570796 1.570796 1.570796 1.570796 1.570796 1.570796 1.570796 1.570796 1.570796 1.570796 1.570796 1.570796 1.570796 1.570796 1.570796 1.570796 1.570796 1.570796 1.570796 1.570796 1.570796 1.570796 1.570796 1.570796 1.570796 1.570796 1.570796 1.570796 1.570796 1.570796 1.570796 1.570796 1.570796 1.570796 1.570796 1.570796 1.570796 
1.570796 1.570796 1.570796 1.570796 1.570796 1.570796 1.570796 1.570796 1.570796 1.570796 1.570796 1.570796 0.628319 0.628319 0.628319 0.628319 0.628319 0.628319 0.628319 0.628319 0.628319 0.628319 0.628319 1.570796 1.570796 1.570796 1.570796 1.570796 0.628319 0.628319 0.628319 0.628319 0.628319 0.628319 0.628319 0.628319 0.628319 0.628319 0.628319 1.570796 1.570796 1.570796 1.570796 1.570796 1.570796 1.570796 1.570796 1.570796 1.570796 1.570796 1.570796 
1.570796 1.570796 1.570796 1.570796 1.570796 1.570796 1.570796 1.570796 1.570796 1.570796 1.570796 1.570796 0.628319 0.628319 0.628319 0.628319 0.628319 0.628319 0.628319 0.628319 0.628319 0.628319 0.628319 1.570796 1.570796 1.570796 1.570796 1.570796 0.628319 0.628319 0.628319 0.628319 0.628319 0.628319 0.628319 0.628319 0.628319 0.628319 0.628319 1.570796 1.570796 1.570796 1.570796 1.570796 1.570796 1.570796 1.570796 1.570796 1.570796 1.570796 1.570796 
1.570796 1.570796 1.570796 1.570796 1.570796 1.570796 1.570796 1.570796 1.570796 1.570796 1.570796 1.570796 0.628319 0.628319 0.628319 0.628319 0.628319 0.628319 0.628319 0.628319 0.628319 0.628319 0.628319 1.570796 1.570796 1.570796 1.570796 1.570796 0.628319 0.628319 0.628319 0.628319 0.628319 0.628319 0.628319 0.628319 0.628319 0.628319 0.628319 1.570796 1.570796 1.570796 1.570796 1.570796 1.570796 1.570796 1.570796 1.570796 1.570796 1.570796 1.570796 
1.570796 1.570796 1.570796 1.570796 1.570796 1.570796 1.570796 1.570796 1.570796 1.570796 1.570796 1.570796 0.628319 0.628319 0.628319 0.628319 0.628319 0.628319 0.628319 0.628319 0.628319 0.628319 0.628319 1.570796 1.570796 1.570796 1.570796 1.570796 0.628319 0.628319 0.628319 0.628319 0.628319 0.628319 0.628319 0.628319 0.628319 0.628319 0.628319 1.570796 1.570796 1.570796 1.570796 1.570796 1.570796 1.570796 1.570796 1.570796 1.570796 1.570796 1.570796 
1.570796 1.570796 1.570796 1.570796 1.570796 1.570796 1.570796 1.570796 1.570796 1.570796 1.570796 1.570796 0.628319 0.628319 0.628319 0.628319 0.628319 0.628319 0.628319 0.628319 0.628319 0.628319 0.628319 1.570796 1.570796 1.570796 1.570796 1.570796 0.628319 0.628319 0.628319 0.628319 0.628319 0.628319 0.628319 0.628319 0.628319 0.628319 0.628319 1.570796 1.570796 1.570796 1.570796 1.570796 1.570796 1.570796 1.570796 1.570796 1.570796 1.570796 1.570796 
1.570796 1.570796 1.570796 1.570796 1.570796 1.570796 1.570796 1.570796 1.570796 1.570796 1.570796 1.570796 0.628319 0.628319 0.628319 0.628319 0.628319 0.628319 0.628319 0.628319 0.628319 0.628319 0.628319 1.570796 1.570796 1.570796 1.570796 1.570796 0.628319 0.628319 0.628319 0.628319 0.628319 0.628319 0.628319 0.628319 0.628319 0.628319 0.628319 1.570796 1.570796 1.570796 1.570796 1.570796 1.570796 1.570796 1.570796 1.570796 1.570796 1.570796 1.570796 
1.570796 1.570796 1.570796 1.570796 1.570796 1.570796 1.570796 1.570796 1.570796 1.570796 1.570796 1.570796 0.628319 0.628319 0.628319 0.628319 0.628319 0.628319 0.628319 0.628319 0.628319 0.628319 0.628319 1.570796 1.570796 1.570796 1.570796 1.570796 0.628319 0.628319 0.628319 0.628319 0.628319 0.628319 0.628319 0.628319 0.628319 0.628319 0.628319 1.570796 1.570796 1.570796 1.570796 1.570796 1.570796 1.570796 1.570796 1.570796 1.570796 1.570796 1.570796 
1.570796 1.570796 1.570796 1.570796 1.570796 1.570796 1.570796 1.570796 1.570796 1.570796 1.570796 1.570796 0.628319 0.628319 0.628319 0.628319 0.628319 0.628319 0.628319 0.628319 0.628319 0.628319 0.628319 1.570796 1.570796 1.570796 1.570796 1.570796 0.628319 0.628319 0.628319 0.628319 0.628319 0.628319 0.628319 0.628319 0.628319 0.628319 0.628319 1.570796 1.570796 1.570796 1.570796 1.570796 1.570796 1.570796 1.570796 1.570796 1.570796 1.570796 1.570796 
1.570796 1.570796 1.570796 1.570796 1.570796 1.570796 1.570796 1.570796 1.570796 1.570796 1.570796 1.570796 0.628319 0.628319 0.628319 0.628319 0.628319 0.628319 0.628319 0.628319 0.628319 0.628319 0.628319 1.570796 1.570796 1.570796 1.570796 1.570796 0.628319 0.628319 0.628319 0.628319 0.628319 0.628319 0.628319 0.628319 0.628319 0.628319 0.628319 1.570796 1.570796 1.570796 1.570796 1.570796 1.570796 1.570796 1.570796 1.570796 1.570796 1.570796 1.570796 
1.570796 1.570796 1.570796 1.570796 1.570796 1.570796 1.570796 1.570796 1.570796 1.570796 1.570796 1.570796 0.628319 0.628319 0.628319 0.628319 0.628319 0.628319 0.628319 0.628319 0.628319 0.628319 0.628319 1.570796 1.570796 1.570796 1.570796 1.570796 0.628319 0.628319 0.628319 0.628319 0.628319 0.628319 0.628319 0.628319 0.628319 0.628319 0.628319 1.570796 1.570796 1.570796 1.570796 1.570796 1.570796 1.570796 1.570796 1.570796 1.570796 1.570796 1.570796 
1.570796 1.570796 1.570796 1.570796 1.570796 1.570796 1.570796 1.570796 1.570796 1.570796 1.570796 1.570796 0.628319 0.628319 0.628319 0.628319 0.628319 0.628319 0.628319 0.628319 0.628319 0.628319 0.628319 1.570796 1.570796 1.570796 1.570796 1.570796 0.628319 0.628319 0.628319 0.628319 0.628319 0.628319 0.628319 0.628319 0.628319 0.628319 0.628319 1.570796 1.570796 1.570796 1.570796 1.570796 1.570796 1.570796 1.570796 1.570796 1.570796 1.570796 1.570796 
1.570796 1.570796 1.570796 1.570796 1.570796 1.570796 1.570796 1.570796 1.570796 1.570796 1.570796 1.570796 0.628319 0.628319 0.628319 0.628319 0.628319 0.628319 0.628319 0.628319 0.628319 0.628319 0.628319 1.570796 1.570796 1.570796 1.570796 1.570796 0.628319 0.628319 0.628319 0.628319 0.628319 0.628319 0.628319 0.628319 0.628319 0.628319 0.628319 1.570796 1.570796 1.570796 1.570796 1.570796 1.570796 1.570796 1.570796 1.570796 1.570796 1.570796 1.570796 
1.570796 1.570796 1.570796 1.570796 1.570796 1.570796 1.570796 1.570796 1.570796 1.570796 1.570796 1.570796 0.628319 0.628319 0.628319 0.628319 0.628319 0.628319 0.628319 0.628319 0.628319 0.628319 0.628319 1.570796 1.570796 1.570796 1.570796 1.570796 0.628319 0.628319 0.628319 0.628319 0.628319 0.628319 0.628319 0.628319 0.628319 0.628319 0.628319 1.570796 1.570796 1.570796 1.570796 1.570796 1.570796 1.570796 1.570796 1.570796 1.570796 1.570796 1.570796 
1.570796 1.570796 1.570796 1.570796 1.570796 1.570796 1.570796 1.570796 1.570796 1.570796 1.570796 1.570796 0.628319 0.628319 0.628319 0.628319 0.628319 0.628319 0.628319 0.628319 0.628319 0.628319 0.628319 1.570796 1.570796 1.570796 1.570796 1.570796 0.628319 0.628319 0.628319 0.628319 0.628319 0.628319 0.628319 0.628319 0.628319 0.628319 0.628319 1.570796 1.570796 1.570796 1.570796 1.570796 1.570796 1.570796 1.570796 1.570796 1.570796 1.570796 1.570796 
1.570796 1.570796 1.570796 1.570796 1.570796 1.570796 1.570796 1.570796 1.570796 1.570796 1.570796 1.570796 0.628319 0.628319 0.628319 0.628319 0.628319 0.628319 0.628319 0.628319 0.628319 0.628319 0.628319 1.570796 1.570796 1.570796 1.570796 1.570796 0.628319 0.628319 0.628319 0.628319 0.628319 0.628319 0.628319 0.628319 0.628319 0.628319 0.628319 1.570796 1.570796 1.570796 1.570796 1.570796 1.570796 1.570796 1.570796 1.570796 1.570796 1.570796 1.570796 
1.570796 1.570796 1.570796 1.570796 1.570796 1.570796 1.570796 1.570796 1.570796 1.570796 1.570796 1.570796 0.628319 0.628319 0.628319 0.628319 0.628319 0.628319 0.628319 0.628319 0.628319 0.628319 0.628319 1.570796 1.570796 1.570796 1.570796 1.570796 0.628319 0.628319 0.628319 0.628319 0.628319 0.628319 0.628319 0.628319 0.628319 0.628319 0.628319 1.570796 1.570796 1.570796 1.570796 1.570796 1.570796 1.570796 1.570796 1.570796 1.570796 1.570796 1.570796 
1.570796 1.570796 1.570796 1.570796 1.570796 1.570796 1.570796 1.570796 1.570796 1.570796 1.570796 1.570796 0.628319 0.628319 0.628319 0.628319 0.628319 0.628319 0.628319 0.628319 0.628319 0.628319 0.628319 1.570796 1.570796 1.570796 1.570796 1.570796 0.628319 0.628319 0.628319 0.628319 0.628319 0.628319 0.628319 0.628319 0.628319 0.628319 0.628319 1.570796 1.570796 1.570796 1.570796 1.570796 1.570796 1.570796 1.570796 1.570796 1.570796 1.570796 1.570796 
1.570796 1.570796 1.570796 1.570796 1.570796 1.570796 1.570796 1.570796 1.570796 1.570796 1.570796 1.570796 0.628319 0.628319 0.628319 0.628319 0.628319 0.628319 0.628319 0.628319 0.628319 0.628319 0.628319 1.570796 1.570796 1.570796 1.570796 1.570796 0.628319 0.628319 0.628319 0.628319 0.628319 0.628319 0.628319 0.628319 0.628319 0.628319 0.628319 1.570796 1.570796 1.570796 1.570796 1.570796 1.570796 1.570796 1.570796 1.570796 1.570796 1.570796 1.570796 
1.570796 1.570796 1.570796 1.570796 1.570796 1.570796 1.570796 1.570796 1.570796 1.570796 1.570796 1.570796 0.628319 0.628319 0.628319 0.628319 0.628319 0.628319 0.628319 0.628319 0.628319 0.628319 0.628319 1.570796 1.570796 1.570796 1.570796 1.570796 0.628319 0.628319 0.628319 0.628319 0.628319 0.628319 0.628319 0.628319 0.628319 0.628319 0.628319 1.570796 1.570796 1.570796 1.570796 1.570796 1.570796 1.570796 1.570796 1.570796 1.570796 1.570796 1.570796 
1.570796 1.570796 1.570796 1.570796 1.570796 1.570796 1.570796 1.570796 1.570796 1.570796 1.570796 1.570796 0.628319 0.628319 0.628319 0.628319 0.628319 0.628319 0.628319 0.628319 0.628319 0.628319 0.628319 1.570796 1.570796 1.570796 1.570796 1.570796 0.628319 0.628319 0.628319 0.628319 0.628319 0.628319 0.628319 0.628319 0.628319 0.628319 0.628319 1.570796 1.570796 1.570796 1.570796 1.570796 1.570796 1.570796 1.570796 1.570796 1.570796 1.570796 1.570796 
1.570796 1.570796 1.570796 1.570796 1.570796 1.570796 1.570796 1.570796 1.570796 1.570796 1.570796 1.570796 1.570796 1.570796 1.570796 1.570796 1.570796 1.570796 1.570796 1.570796 1.570796 1.570796 1.570796 1.570796 1.570796 1.570796 1.570796 1.570796 1.570796 1.570796 1.570796 1.570796 1.570796 1.570796 1.570796 1.570796 1.570796 1.570796 1.570796 1.570796 1.570796 1.570796 1.570796 1.570796 1.570796 1.570796 1.570796 1.570796 1.570796 1.570796 1.570796 
1.570796 1.570796 1.570796 1.570796 1.570796 1.570796 1.570796 1.570796 1.570796 1.570796 1.570796 1.570796 1.570796 1.570796 1.570796 1.570796 1.570796 1.570796 1.570796 1.570796 1.570796 1.570796 1.570796 1.570796 1.570796 1.570796 1.570796 1.570796 1.570796 1.570796 1.570796 1.570796 1.570796 1.570796 1.570796 1.570796 1.570796 1.570796 1.570796 1.570796 1.570796 1.570796 1.570796 1.570796 1.570796 1.570796 1.570796 1.570796 1.570796 1.570796 1.570796 
1.570796 1.570796 1.570796 1.570796 1.570796 1.570796 1.570796 1.570796 1.570796 1.570796 1.570796 1.570796 1.570796 1.570796 1.570796 1.570796 1.570796 1.570796 1.570796 1.570796 1.570796 1.570796 1.570796 1.570796 1.570796 1.570796 1.570796 1.570796 1.570796 1.570796 1.570796 1.570796 1.570796 1.570796 1.570796 1.570796 1.570796 1.570796 1.570796 1.570796 1.570796 1.570796 1.570796 1.570796 1.570796 1.570796 1.570796 1.570796 1.570796 1.570796 1.570796 
1.570796 1.570796 1.570796 1.570796 1.570796 1.570796 1.570796 1.570796 1.570796 1.570796 1.570796 1.570796 1.570796 1.570796 1.570796 1.570796 1.570796 1.570796 1.570796 1.570796 1.570796 1.570796 1.570796 1.570796 1.570796 1.570796 1.570796 1.570796 1.570796 1.570796 1.570796 1.570796 1.570796 1.570796 1.570796 1.570796 1.570796 1.570796 1.570796 1.570796 1.570796 1.570796 1.570796 1.570796 1.570796 1.570796 1.570796 1.570796 1.570796 1.570796 1.570796 
1.570796 1.570796 1.570796 1.570796 1.570796 1.570796 1.570796 1.570796 1.570796 1.570796 1.570796 1.570796 1.570796 1.570796 1.570796 1.570796 1.570796 1.570796 1.570796 1.570796 1.570796 1.570796 1.570796 1.570796 1.570796 1.570796 1.570796 1.570796 1.570796 1.570796 1.570796 1.570796 1.570796 1.570796 1.570796 1.570796 1.570796 1.570796 1.570796 1.570796 1.570796 1.570796 1.570796 1.570796 1.570796 1.570796 1.570796 1.570796 1.570796 1.570796 1.570796 
1.570796 1.570796 1.570796 1.570796 1.570796 1.570796 1.570796 1.570796 1.570796 1.570796 1.570796 1.570796 1.570796 1.570796 1.570796 1.570796 1.570796 1.570796 1.570796 1.570796 1.570796 1.570796 1.570796 1.570796 1.570796 1.570796 1.570796 1.570796 1.570796 1.570796 1.570796 1.570796 1.570796 1.570796 1.570796 1.570796 1.570796 1.570796 1.570796 1.570796 1.570796 1.570796 1.570796 1.570796 1.570796 1.570796 1.570796 1.570796 1.570796 1.570796 1.570796 
1.570796 1.570796 1.570796 1.570796 1.570796 1.570796 1.570796 1.570796 1.570796 1.570796 1.570796 1.570796 1.570796 1.570796 1.570796 1.570796 1.570796 1.570796 1.570796 1.570796 1.570796 1.570796 1.570796 1.570796 1.570796 1.570796 1.570796 1.570796 1.570796 1.570796 1.570796 1.570796 1.570796 1.570796 1.570796 1.570796 1.570796 1.570796 1.570796 1.570796 1.570796 1.570796 1.570796 1.570796 1.570796 1.570796 1.570796 1.570796 1.570796 1.570796 1.570796 
1.570796 1.570796 1.570796 1.570796 1.570796 1.570796 1.570796 1.570796 1.570796 1.570796 1.570796 1.570796 1.570796 1.570796 1.570796 1.570796 1.570796 1.570796 1.570796 1.570796 1.570796 1.570796 1.570796 1.570796 1.570796 1.570796 1.570796 1.570796 1.570796 1.570796 1.570796 1.570796 1.570796 1.570796 1.570796 1.570796 1.570796 1.570796 1.570796 1.570796 1.570796 1.570796 1.570796 1.570796 1.570796 1.570796 1.570796 1.570796 1.570796 1.570796 1.570796 
1.570796 1.570796 1.570796 1.570796 1.570796 1.570796 1.570796 1.570796 1.570796 1.570796 1.570796 1.570796 1.570796 1.570796 1.570796 1.570796 1.570796 1.570796 1.570796 1.570796 1.570796 1.570796 1.570796 1.570796 1.570796 1.570796 1.570796 1.570796 1.570796 1.570796 1.570796 1.570796 1.570796 1.570796 1.570796 1.570796 1.570796 1.570796 1.570796 1.570796 1.570796 1.570796 1.570796 1.570796 1.570796 1.570796 1.570796 1.570796 1.570796 1.570796 1.570796 
1.570796 1.570796 1.570796 1.570796 1.570796 1.570796 1.570796 1.570796 1.570796 1.570796 1.570796 1.570796 1.570796 1.570796 1.570796 1.570796 1.570796 1.570796 1.570796 1.570796 1.570796 1.570796 1.570796 1.570796 1.570796 1.570796 1.570796 1.570796 1.570796 1.570796 1.570796 1.570796 1.570796 1.570796 1.570796 1.570796 1.570796 1.570796 1.570796 1.570796 1.570796 1.570796 1.570796 1.570796 1.570796 1.570796 1.570796 1.570796 1.570796 1.570796 1.570796 
1.570796 1.570796 1.570796 1.570796 1.570796 1.570796 1.570796 1.570796 1.570796 1.570796 1.570796 1.570796 1.570796 1.570796 1.570796 1.570796 1.570796 1.570796 1.570796 1.570796 1.570796 1.570796 1.570796 1.570796 1.570796 1.570796 1.570796 1.570796 1.570796 1.570796 1.570796 1.570796 1.570796 1.570796 1.570796 1.570796 1.570796 1.570796 1.570796 1.570796 1.570796 1.570796 1.570796 1.570796 1.570796 1.570796 1.570796 1.570796 1.570796 1.570796 1.570796 
1.570796 1.570796 1.570796 1.570796 1.570796 1.570796 1.570796 1.570796 1.570796 1.570796 1.570796 1.570796 1.570796 1.570796 1.570796 1.570796 1.570796 1.570796 1.570796 1.570796 1.570796 1.570796 1.570796 1.570796 1.570796 1.570796 1.570796 1.570796 1.570796 1.570796 1.570796 1.570796 1.570796 1.570796 1.570796 1.570796 1.570796 1.570796 1.570796 1.570796 1.570796 1.570796 1.570796 1.570796 1.570796 1.570796 1.570796 1.570796 1.570796 1.570796 1.570796 
1.570796 1.570796 1.570796 1.570796 1.570796 1.570796 1.570796 1.570796 1.570796 1.570796 1.570796 1.570796 1.570796 1.570796 1.570796 1.570796 1.570796 1.570796 1.570796 1.570796 1.570796 1.570796 1.570796 1.570796 1.570796 1.570796 1.570796 1.570796 1.570796 1.570796 1.570796 1.570796 1.570796 1.570796 1.570796 1.570796 1.570796 1.570796 1.570796 1.570796 1.570796 1.570796 1.570796 1.570796 1.570796 1.570796 1.570796 1.570796 1.570796 1.570796 1.570796 
1.570796 1.570796 1.570796 1.570796 1.570796 1.570796 1.570796 1.570796 1.570796 1.570796 1.570796 1.570796 1.570796 1.570796 1.570796 1.570796 1.570796 1.570796 1.570796 1.570796 1.570796 1.570796 1.570796 1.570796 1.570796 1.570796 1.570796 1.570796 1.570796 1.570796 1.570796 1.570796 1.570796 1.570796 1.570796 1.570796 1.570796 1.570796 1.570796 1.570796 1.570796 1.570796 1.570796 1.570796 1.570796 1.570796 1.570796 1.570796 1.570796 1.570796 1.570796 
1.570796 1.570796 1.570796 1.570796 1.570796 1.570796 1.570796 1.570796 1.570796 1.570796 1.570796 1.570796 1.570796 1.570796 1.570796 1.570796 1.570796 1.570796 1.570796 1.570796 1.570796 1.570796 1.570796 1.570796 1.570796 1.570796 1.570796 1.570796 1.570796 1.570796 1.570796 1.570796 1.570796 1.570796 1.570796 1.570796 1.570796 1.570796 1.570796 1.570796 1.570796 1.570796 1.570796 1.570796 1.570796 1.570796 1.570796 1.570796 1.570796 1.570796 1.570796 
1.570796 1.570796 1.570796 1.570796 1.570796 1.570796 1.570796 1.570796 1.570796 1.570796 1.570796 1.570796 1.570796 1.570796 1.570796 1.570796 1.570796 1.570796 1.570796 1.570796 1.570796 1.570796 1.570796 1.570796 1.570796 1.570796 1.570796 1.570796 1.570796 1.570796 1.570796 1.570796 1.570796 1.570796 1.570796 1.570796 1.570796 1.570796 1.570796 1.570796 1.570796 1.570796 1.570796 1.570796 1.570796 1.570796 1.570796 1.570796 1.570796 1.570796 1.570796 
